# theta[deg]  MoM_theta[dBsm]  Mie_theta[dBsm]  MoM_phi[dBsm]  Mie_phi[dBsm]
0.0000 15.2203 15.3044 -59.2544 -200.0000
1.0000 15.2160 15.3000 -59.0903 -200.0000
2.0000 15.2031 15.2870 -58.9400 -200.0000
3.0000 15.1816 15.2652 -58.8043 -200.0000
4.0000 15.1516 15.2349 -58.6802 -200.0000
5.0000 15.1131 15.1961 -58.5695 -200.0000
6.0000 15.0663 15.1489 -58.4696 -200.0000
7.0000 15.0114 15.0935 -58.3812 -200.0000
8.0000 14.9486 15.0302 -58.3033 -200.0000
9.0000 14.8781 14.9592 -58.2353 -200.0000
10.0000 14.8002 14.8807 -58.1758 -200.0000
11.0000 14.7152 14.7950 -58.1261 -200.0000
12.0000 14.6235 14.7027 -58.0851 -200.0000
13.0000 14.5255 14.6040 -58.0512 -200.0000
14.0000 14.4216 14.4994 -58.0252 -200.0000
15.0000 14.3124 14.3895 -58.0072 -200.0000
16.0000 14.1984 14.2749 -57.9962 -200.0000
17.0000 14.0803 14.1561 -57.9918 -200.0000
18.0000 13.9587 14.0338 -57.9939 -200.0000
19.0000 13.8343 13.9087 -58.0033 -200.0000
20.0000 13.7079 13.7817 -58.0182 -200.0000
21.0000 13.5802 13.6536 -58.0395 -200.0000
22.0000 13.4523 13.5251 -58.0681 -200.0000
23.0000 13.3247 13.3972 -58.1014 -200.0000
24.0000 13.1986 13.2708 -58.1408 -200.0000
25.0000 13.0747 13.1467 -58.1871 -200.0000
26.0000 12.9540 13.0258 -58.2398 -200.0000
27.0000 12.8371 12.9089 -58.2976 -200.0000
28.0000 12.7250 12.7968 -58.3631 -200.0000
29.0000 12.6182 12.6902 -58.4343 -200.0000
30.0000 12.5174 12.5896 -58.5127 -200.0000
31.0000 12.4231 12.4956 -58.5975 -200.0000
32.0000 12.3355 12.4084 -58.6887 -200.0000
33.0000 12.2550 12.3282 -58.7878 -200.0000
34.0000 12.1815 12.2551 -58.8929 -200.0000
35.0000 12.1150 12.1890 -59.0070 -200.0000
36.0000 12.0552 12.1295 -59.1269 -200.0000
37.0000 12.0016 12.0762 -59.2547 -200.0000
38.0000 11.9539 12.0287 -59.3898 -200.0000
39.0000 11.9112 11.9861 -59.5311 -200.0000
40.0000 11.8729 11.9477 -59.6806 -200.0000
41.0000 11.8381 11.9127 -59.8362 -200.0000
42.0000 11.8060 11.8801 -59.9969 -200.0000
43.0000 11.7754 11.8489 -60.1631 -200.0000
44.0000 11.7456 11.8182 -60.3335 -200.0000
45.0000 11.7154 11.7869 -60.5076 -200.0000
46.0000 11.6839 11.7541 -60.6802 -200.0000
47.0000 11.6501 11.7187 -60.8545 -200.0000
48.0000 11.6131 11.6799 -61.0239 -200.0000
49.0000 11.5720 11.6367 -61.1880 -200.0000
50.0000 11.5258 11.5881 -61.3418 -200.0000
51.0000 11.4738 11.5335 -61.4823 -200.0000
52.0000 11.4151 11.4719 -61.6046 -200.0000
53.0000 11.3490 11.4026 -61.7058 -200.0000
54.0000 11.2748 11.3248 -61.7820 -200.0000
55.0000 11.1917 11.2379 -61.8277 -200.0000
56.0000 11.0990 11.1412 -61.8396 -200.0000
57.0000 10.9962 11.0340 -61.8157 -200.0000
58.0000 10.8827 10.9157 -61.7538 -200.0000
59.0000 10.7577 10.7857 -61.6516 -200.0000
60.0000 10.6208 10.6433 -61.5129 -200.0000
61.0000 10.4713 10.4881 -61.3371 -200.0000
62.0000 10.3086 10.3193 -61.1285 -200.0000
63.0000 10.1323 10.1364 -60.8882 -200.0000
64.0000 9.9416 9.9388 -60.6232 -200.0000
65.0000 9.7360 9.7258 -60.3364 -200.0000
66.0000 9.5148 9.4968 -60.0325 -200.0000
67.0000 9.2774 9.2510 -59.7144 -200.0000
68.0000 9.0232 8.9879 -59.3852 -200.0000
69.0000 8.7513 8.7066 -59.0509 -200.0000
70.0000 8.4612 8.4064 -58.7123 -200.0000
71.0000 8.1520 8.0865 -58.3724 -200.0000
72.0000 7.8230 7.7460 -58.0328 -200.0000
73.0000 7.4733 7.3842 -57.6948 -200.0000
74.0000 7.1023 7.0003 -57.3614 -200.0000
75.0000 6.7090 6.5934 -57.0323 -200.0000
76.0000 6.2930 6.1628 -56.7085 -200.0000
77.0000 5.8535 5.7080 -56.3913 -200.0000
78.0000 5.3903 5.2288 -56.0809 -200.0000
79.0000 4.9033 4.7253 -55.7776 -200.0000
80.0000 4.3932 4.1984 -55.4800 -200.0000
81.0000 3.8614 3.6499 -55.1912 -200.0000
82.0000 3.3106 3.0833 -54.9095 -200.0000
83.0000 2.7453 2.5042 -54.6354 -200.0000
84.0000 2.1725 1.9211 -54.3687 -200.0000
85.0000 1.6025 1.3465 -54.1099 -200.0000
86.0000 1.0499 0.7979 -53.8592 -200.0000
87.0000 0.5342 0.2976 -53.6157 -200.0000
88.0000 0.0790 -0.1278 -53.3793 -200.0000
89.0000 -0.2892 -0.4507 -53.1512 -200.0000
90.0000 -0.5453 -0.6472 -52.9305 -200.0000
91.0000 -0.6710 -0.7036 -52.7174 -200.0000
92.0000 -0.6593 -0.6198 -52.5117 -200.0000
93.0000 -0.5169 -0.4097 -52.3143 -200.0000
94.0000 -0.2619 -0.0969 -52.1240 -200.0000
95.0000 0.0807 0.2909 -51.9414 -200.0000
96.0000 0.4845 0.7274 -51.7668 -200.0000
97.0000 0.9258 1.1900 -51.5994 -200.0000
98.0000 1.3853 1.6616 -51.4406 -200.0000
99.0000 1.8482 2.1297 -51.2897 -200.0000
100.0000 2.3043 2.5858 -51.1464 -200.0000
101.0000 2.7464 3.0244 -51.0115 -200.0000
102.0000 3.1703 3.4420 -50.8843 -200.0000
103.0000 3.5731 3.8370 -50.7658 -200.0000
104.0000 3.9535 4.2084 -50.6563 -200.0000
105.0000 4.3110 4.5562 -50.5549 -200.0000
106.0000 4.6455 4.8806 -50.4626 -200.0000
107.0000 4.9575 5.1823 -50.3790 -200.0000
108.0000 5.2474 5.4619 -50.3044 -200.0000
109.0000 5.5161 5.7204 -50.2393 -200.0000
110.0000 5.7644 5.9584 -50.1845 -200.0000
111.0000 5.9929 6.1770 -50.1387 -200.0000
112.0000 6.2025 6.3768 -50.1035 -200.0000
113.0000 6.3941 6.5587 -50.0787 -200.0000
114.0000 6.5683 6.7235 -50.0641 -200.0000
115.0000 6.7259 6.8718 -50.0608 -200.0000
116.0000 6.8675 7.0044 -50.0689 -200.0000
117.0000 6.9938 7.1218 -50.0885 -200.0000
118.0000 7.1054 7.2247 -50.1194 -200.0000
119.0000 7.2028 7.3136 -50.1639 -200.0000
120.0000 7.2865 7.3890 -50.2211 -200.0000
121.0000 7.3571 7.4514 -50.2920 -200.0000
122.0000 7.4150 7.5012 -50.3767 -200.0000
123.0000 7.4606 7.5390 -50.4755 -200.0000
124.0000 7.4944 7.5650 -50.5898 -200.0000
125.0000 7.5167 7.5797 -50.7202 -200.0000
126.0000 7.5279 7.5834 -50.8681 -200.0000
127.0000 7.5283 7.5764 -51.0331 -200.0000
128.0000 7.5183 7.5592 -51.2170 -200.0000
129.0000 7.4982 7.5320 -51.4207 -200.0000
130.0000 7.4684 7.4952 -51.6455 -200.0000
131.0000 7.4290 7.4490 -51.8924 -200.0000
132.0000 7.3804 7.3937 -52.1640 -200.0000
133.0000 7.3229 7.3296 -52.4610 -200.0000
134.0000 7.2568 7.2571 -52.7854 -200.0000
135.0000 7.1824 7.1764 -53.1406 -200.0000
136.0000 7.1000 7.0879 -53.5283 -200.0000
137.0000 7.0098 6.9917 -53.9523 -200.0000
138.0000 6.9122 6.8884 -54.4162 -200.0000
139.0000 6.8074 6.7781 -54.9244 -200.0000
140.0000 6.6959 6.6612 -55.4814 -200.0000
141.0000 6.5778 6.5381 -56.0937 -200.0000
142.0000 6.4537 6.4091 -56.7676 -200.0000
143.0000 6.3238 6.2747 -57.5138 -200.0000
144.0000 6.1885 6.1352 -58.3409 -200.0000
145.0000 6.0482 5.9911 -59.2599 -200.0000
146.0000 5.9034 5.8428 -60.2844 -200.0000
147.0000 5.7544 5.6908 -61.4220 -200.0000
148.0000 5.6018 5.5356 -62.6754 -200.0000
149.0000 5.4461 5.3778 -64.0125 -200.0000
150.0000 5.2878 5.2179 -65.3378 -200.0000
151.0000 5.1273 5.0565 -66.4045 -200.0000
152.0000 4.9653 4.8941 -66.8514 -200.0000
153.0000 4.8024 4.7315 -66.4555 -200.0000
154.0000 4.6392 4.5692 -65.3999 -200.0000
155.0000 4.4762 4.4079 -64.0591 -200.0000
156.0000 4.3142 4.2483 -62.6851 -200.0000
157.0000 4.1537 4.0911 -61.3916 -200.0000
158.0000 3.9955 3.9367 -60.2116 -200.0000
159.0000 3.8401 3.7860 -59.1482 -200.0000
160.0000 3.6881 3.6396 -58.1907 -200.0000
161.0000 3.5403 3.4979 -57.3275 -200.0000
162.0000 3.3972 3.3616 -56.5478 -200.0000
163.0000 3.2592 3.2312 -55.8403 -200.0000
164.0000 3.1271 3.1071 -55.1972 -200.0000
165.0000 3.0012 2.9897 -54.6108 -200.0000
166.0000 2.8820 2.8794 -54.0752 -200.0000
167.0000 2.7698 2.7764 -53.5851 -200.0000
168.0000 2.6651 2.6810 -53.1371 -200.0000
169.0000 2.5680 2.5932 -52.7259 -200.0000
170.0000 2.4788 2.5132 -52.3496 -200.0000
171.0000 2.3977 2.4411 -52.0053 -200.0000
172.0000 2.3248 2.3768 -51.6906 -200.0000
173.0000 2.2603 2.3203 -51.4032 -200.0000
174.0000 2.2042 2.2715 -51.1420 -200.0000
175.0000 2.1564 2.2305 -50.9054 -200.0000
176.0000 2.1172 2.1970 -50.6914 -200.0000
177.0000 2.0864 2.1711 -50.4990 -200.0000
178.0000 2.0642 2.1527 -50.3276 -200.0000
179.0000 2.0504 2.1416 -50.1759 -200.0000
180.0000 2.0451 2.1379 -50.0434 -200.0000
