6.1230317691118863e-17 -1.4996607218221369e-32 1.0000000000000000e+00
6.1230317691118863e-17 -1.4996607218221369e-32 -1.0000000000000000e+00
2.0791169081775940e-01 -5.0921995521876363e-17 -9.7814760073380558e-01
4.0673664307580049e-01 -9.9618455488601955e-17 -9.1354545764260076e-01
5.8778525229247436e-01 -1.4396111092809059e-16 -8.0901699437494645e-01
7.4314482547739547e-01 -1.8201197501796800e-16 -6.6913060635885679e-01
8.6602540378443926e-01 -2.1210804240920279e-16 -4.9999999999999889e-01
9.5105651629515409e-01 -2.3293397053984419e-16 -3.0901699437494601e-01
9.9452189536827340e-01 -2.4357956641669221e-16 -1.0452846326765250e-01
9.9452189536827329e-01 -2.4357956641669221e-16 1.0452846326765380e-01
9.5105651629515342e-01 -2.3293397053984399e-16 3.0901699437494801e-01
8.6602540378443815e-01 -2.1210804240920259e-16 5.0000000000000078e-01
7.4314482547739402e-01 -1.8201197501796770e-16 6.6913060635885846e-01
5.8778525229247269e-01 -1.4396111092809019e-16 8.0901699437494778e-01
4.0673664307580021e-01 -9.9618455488601869e-17 9.1354545764260087e-01
2.0791169081775901e-01 -5.0921995521876258e-17 9.7814760073380569e-01
7.9665190439714462e-01 -1.8363894157914709e-01 -5.7586672273720863e-01
6.7423253352882073e-01 1.8758736233365569e-01 7.1429788759593105e-01
9.8327090436446374e-01 1.8188970326048531e-01 -9.7192838266123537e-03
6.6448068776736113e-01 1.8279456232391000e-01 -7.2460441867892644e-01
9.8441301785657975e-01 -1.7587208672972421e-01 1.3922583636310720e-04
6.7804058762588049e-01 -1.9078082788307990e-01 7.0983352783888509e-01
1.2321558874552070e-01 -1.9965058746703820e-01 9.7208927656576960e-01
1.2084984619825639e-01 1.9281089026327791e-01 -9.7376551349374663e-01
9.0061886313620754e-01 1.8122375357377971e-01 3.9502356196039112e-01
8.9850439866222154e-01 1.8071496413307639e-01 -4.0003993216055411e-01
9.0712970143789340e-01 -1.8700048092342861e-01 3.7702324186130082e-01
8.0457411932468770e-01 1.8476230266380339e-01 5.6437875405375804e-01
9.0077998098317880e-01 -1.8227323934024309e-01 -3.9417241415446441e-01
4.9176775558651342e-01 -1.8071496413304050e-01 8.5176673819995885e-01
8.0478566470201873e-01 1.7935618715648949e-01 -5.6581922203016077e-01
7.0712981059571700e-01 3.5620003712457610e-01 -6.1081008875043641e-01
5.3083705396212011e-01 3.5414256099375369e-01 -7.6993185973409539e-01
9.6315296570278053e-01 1.7950248401471600e-01 2.0028785008203859e-01
8.9032349290628432e-01 3.5323748785353892e-01 2.8731055524305832e-01
6.9063333641042135e-01 3.5619660494921218e-01 6.2940414143955592e-01
1.0280745555301581e-01 1.8071496413324509e-01 9.7814760073366980e-01
5.3880571828692958e-01 3.5124613173340391e-01 7.6571179492262376e-01
8.1183276540306448e-01 3.4819067768066192e-01 4.6871186564273609e-01
6.7646825205453742e-01 5.4948425972816095e-01 4.9036491745767641e-01
5.7569449636372705e-01 5.1873821281759203e-01 -6.3204945488412945e-01
4.0896720781441120e-01 5.3112718611456966e-01 -7.4205777073116319e-01
4.2807502136748021e-01 6.6784583122682528e-01 -6.0887906992619012e-01
2.5172233552418871e-01 6.4235514803508331e-01 -7.2388930755404435e-01
5.8162873884545152e-01 6.5740922416274694e-01 -4.7908362749606109e-01
4.2051041000271028e-01 7.8789357119568360e-01 -4.4988300206594251e-01
5.6812757387993829e-01 7.6735817295590347e-01 -2.9730875230149739e-01
3.9555527783503019e-01 8.8067054570745851e-01 -2.6068258879368839e-01
2.3879114632266260e-01 8.8156679551511363e-01 -4.0720851351994419e-01
2.0570040330343281e-01 9.5606518921064476e-01 -2.0887005065451331e-01
3.5585451735379481e-01 9.3247019504316220e-01 -6.2184385781841607e-02
1.6056467624540210e-01 9.8696846503790703e-01 -1.0594043747634360e-02
3.0686883225511358e-01 9.4251355601956788e-01 1.3228649405639170e-01
1.0735906699443470e-01 9.7668773476096005e-01 1.8589001990851789e-01
-4.0502772053388682e-02 9.9832257231336419e-01 4.1371089732070050e-02
-9.7872974008495400e-02 9.6711928652631740e-01 2.3473637678800269e-01
8.1013931424612973e-01 -3.6078088846891199e-01 -4.6207298344351722e-01
3.2581173971977773e-01 -2.2382672231152961e-01 -9.1855773288348574e-01
4.8182441515327523e-02 9.2394845011903881e-01 3.7947030694409811e-01
-1.5584278215626490e-01 8.9966885160893373e-01 4.0780998601610680e-01
-2.9634474218102991e-01 9.1800271613576478e-01 2.6353521007451253e-01
-3.4640960619931122e-01 8.3394966830299078e-01 4.2956761454999132e-01
-8.0483269718487974e-03 8.3308433694822204e-01 5.5308743609351252e-01
4.6185551506471197e-02 9.3658932528034022e-01 -3.4737203486026352e-01
4.9053250022722361e-01 8.6739780749587225e-01 8.3659487042311950e-02
1.9360742627661551e-01 8.4129240470797717e-01 5.0472096674421396e-01
1.3593443078173151e-01 7.3113524714131783e-01 6.6855297539959435e-01
-6.9777803931546312e-02 7.0986568741314870e-01 7.0087214519621799e-01
6.8981731974907523e-01 -3.6186206716015290e-01 -6.2706292325793200e-01
7.1816829525502546e-01 6.2197346630167327e-01 -3.1206298548077099e-01
6.9974461382483283e-02 6.0560778813116711e-01 7.9268075648971503e-01
-1.2887253876263410e-01 5.4916704938949024e-01 8.2571630758857761e-01
3.2825698184327279e-01 7.2391600938691747e-01 6.0678906155637446e-01
8.9376648287933147e-01 -3.5151677425130312e-01 -2.7859905150855779e-01
7.5589816186465625e-02 8.4328372995207046e-01 -5.3212661133138228e-01
-1.1818017595324511e-01 8.8041190576114492e-01 -4.5924756091425140e-01
-8.8484265693988776e-02 7.6631661868298306e-01 -6.3634061213698689e-01
6.9088747364315417e-01 7.1032603426513041e-01 -1.3457869002242831e-01
8.1771965868056495e-01 5.5398596225566832e-01 -1.5631414981057079e-01
7.7571419923874785e-01 6.3054412235721757e-01 2.6107295152014050e-02
-1.4206597124344120e-01 9.4982092221287462e-01 -2.7867090903311370e-01
4.4133867711393482e-01 8.5623817507046174e-01 2.6847040737356359e-01
-2.7189426248844789e-01 6.5105063475187441e-01 7.0866535192222024e-01
-3.2952044806028669e-01 4.8028780114935760e-01 8.1285909134195145e-01
-4.6083173603056787e-01 5.6378792912618469e-01 6.8540300702481682e-01
-5.1840864173764278e-01 3.8179949162026761e-01 7.6516771257694705e-01
-4.7829522392648149e-01 8.3147564844833644e-01 2.8263390597473481e-01
-2.8015010239510157e-01 7.8350535085550055e-01 -5.5464879456175964e-01
-6.3202368813410204e-01 4.5809042233938252e-01 6.2505937525829780e-01
-6.6717761766026351e-01 2.6247959293599632e-01 6.9712157460899804e-01
-5.5110665769527423e-01 1.6938402818081219e-01 8.1706211688046437e-01
-2.4620108127379120e-01 6.5405706080196802e-01 -7.1525826719773522e-01
-4.2522870983416672e-01 8.9874201387834740e-01 1.0697353328119340e-01
-6.0041531984925844e-01 7.8968936508305887e-01 1.2606407245931689e-01
-4.3443678032995781e-01 6.5758487695389911e-01 -6.1550533181936384e-01
-3.9436823611876443e-01 5.1476252497340813e-01 -7.6124453181850560e-01
-4.5891691876039747e-01 7.6997106732936749e-01 -4.4332811455076632e-01
-6.0020222954911240e-01 6.2504432977482172e-01 -4.9907601571365701e-01
-6.1652791351111158e-01 7.1840654107744006e-01 -3.2215737396307381e-01
-7.4295788613062241e-01 5.6651964660891441e-01 -3.5646748721647509e-01
-7.7276555764817945e-01 3.3432988518476148e-01 5.3949691452782422e-01
6.8586131960203622e-01 -5.2450670776299113e-01 -5.0446700961052116e-01
-7.9313964177139218e-01 1.3468481170743990e-01 5.9396086583720253e-01
-8.8496915349424243e-01 2.0240100336584041e-01 4.1936074112890559e-01
-7.1786792331035632e-01 4.5441239482622542e-01 -5.2742299922393521e-01
-8.4361412209160624e-01 3.8385208567229562e-01 -3.7546343275029759e-01
-8.0010632589239272e-01 2.6219632400528098e-01 -5.3952104217082575e-01
-9.0472446722893340e-01 1.8193860922822450e-01 -3.8519083694893641e-01
-8.4901727669955784e-01 5.6459881380630773e-02 -5.2533983825724806e-01
-9.3024867453728310e-01 -2.6376803876706819e-02 -3.6598041988455848e-01
-8.4816019752595917e-01 -1.5160795532459420e-01 -5.0758182317240419e-01
-9.1464922593671782e-01 -2.3142282974970560e-01 -3.3145175721966152e-01
-8.1049949840886293e-01 -3.5278723245777349e-01 -4.6758072211519419e-01
-8.8521668755226446e-01 -2.5473472817244399e-03 4.6517193283862568e-01
-8.6049289437466081e-01 -4.2567254905219232e-01 -2.7991938074046951e-01
-7.3638184726897227e-01 -5.4099379361969802e-01 -4.0628498652756478e-01
-7.7131416418333609e-01 -6.0112927890041834e-01 -2.0908861800400519e-01
-6.3218235335875084e-01 -7.0349639111622986e-01 -3.2471264186697751e-01
-6.4980326830725343e-01 -7.4930654844351507e-01 -1.2765347216929851e-01
-4.9554997713418891e-01 -8.3518135155787343e-01 -2.3854209308268551e-01
-5.0174086191318101e-01 -8.6427280884062907e-01 -3.5897345101658477e-02
-2.9974089621683919e-01 -9.3896633742872504e-01 -1.6881235828816460e-01
-3.2781141712257378e-01 -9.4300122532995745e-01 5.7344257169211037e-02
-1.3270685814527280e-01 -9.9044544855457861e-01 -3.7506042696209572e-02
-1.5605392801448090e-01 -9.7451061686842055e-01 1.6117142787101529e-01
-3.4928640407724010e-01 -9.0228267171230347e-01 2.5275479867749029e-01
3.4490439192346463e-02 -9.9777795964746674e-01 5.7004849320539223e-02
2.9060007820351900e-02 -9.6701187838972280e-01 2.5306825758806872e-01
-3.5520075258725869e-01 -8.7174946778756057e-01 -3.3746894786565163e-01
-7.3261307332068670e-01 -2.6855412423534469e-01 -6.2542526904163787e-01
2.0985422114276039e-01 -9.6784521374552879e-01 1.3869696499360409e-01
2.1598489391251899e-01 -9.1783804702483318e-01 3.3305231576321148e-01
3.7394789733084610e-01 -9.0330485904963154e-01 2.1024581256035621e-01
-7.7700347081572751e-01 -6.2921053975115870e-01 -1.8965837876782351e-02
1.9531686974436319e-01 -9.7836386409371778e-01 -6.8231003428593937e-02
5.8904507088208391e-01 -4.0751518114927759e-01 6.9782324524365935e-01
-7.3771277448288808e-01 1.3543525555311750e-01 -6.6139031888743371e-01
-5.8278824143968666e-01 -6.2993002963107736e-01 -5.1336733769166454e-01
-7.7721230654715334e-01 -7.1450460690221568e-02 6.2516866701619722e-01
3.9028370347432062e-02 -8.9517448414550160e-01 4.4400386174318202e-01
2.2125089759749750e-01 -8.2449790292047553e-01 5.2081786489332316e-01
3.9435897978212370e-02 -7.7872616634824265e-01 6.2612328482114543e-01
5.4420811000496616e-01 -5.1335800756521188e-01 -6.6355187368697754e-01
-9.4233195729612373e-01 -3.0270678455176347e-01 -1.4275533210633040e-01
-8.4661798203938032e-01 -2.0677011496621281e-01 4.9039179443015413e-01
-7.2119210033931758e-01 -2.7396792958546762e-01 6.3625743843731697e-01
-8.4573638269800588e-01 4.9069142328628917e-01 -2.0964707986081779e-01
5.3272653357325261e-01 -6.6642584539621452e-01 -5.2161195635737401e-01
3.8412771213802532e-01 -6.5043336856267298e-01 -6.5527271713983359e-01
6.5710131897086388e-01 -6.5925859923250663e-01 -3.6550780558661711e-01
-9.7256882148706325e-01 9.0791050068087548e-02 -2.1416552640142389e-01
-7.7650517678154463e-01 -4.0480274180096942e-01 4.8288140434466931e-01
-6.3682316970902419e-01 -4.6302356203398171e-01 6.1649446998583446e-01
-5.6231159877032388e-01 -3.2526125993071270e-01 7.6027020109737797e-01
-4.6039801411947567e-01 -5.0178274747139473e-01 7.3228938469357974e-01
-8.4722559949967535e-01 3.9597845202577842e-01 3.5413253039460252e-01
-6.5144460466835807e-01 -6.0336717764590964e-01 4.5996518997430241e-01
3.5933199233843310e-01 -7.8247901835040934e-01 -5.0853427133623152e-01
2.0139927799795260e-01 -7.5004624514527773e-01 -6.2997536536389520e-01
-3.8558157735443549e-01 -3.6598236620406188e-01 8.4698509717263704e-01
-9.5869790180696279e-01 6.6220656821478957e-02 2.7661011854424111e-01
2.1651879707407609e-01 -5.9540685100159174e-01 -7.7369909673849524e-01
2.8362018048201140e-02 -6.7582269550909957e-01 -7.3651835019030476e-01
4.4479741362379907e-02 -5.2063596017371938e-01 -8.5261934623976543e-01
-1.4606129999814360e-01 -5.8039388066666875e-01 -8.0112985210110421e-01
-1.3241537385912541e-01 -4.0046411166957402e-01 -9.0669436086833965e-01
2.2037876113689669e-01 -6.9525577085241674e-01 6.8414370912563272e-01
3.8561953995866018e-02 -6.4375930992743158e-01 7.6425579918360953e-01
3.9517936357271449e-01 -7.1905705496361871e-01 5.7165568510538911e-01
-3.1624600752576731e-01 -4.6210718286156588e-01 -8.2852001440626621e-01
-3.0925518582763128e-01 -2.8453428340028430e-01 -9.0741471864225554e-01
-8.8477548089446756e-01 -3.2177676968637209e-01 3.3709354621257143e-01
1.7423802818137460e-01 -8.6843761225558891e-01 -4.6417369933601149e-01
-2.0534360616893091e-01 5.0986680933716688e-01 -8.3538604258263505e-01
-3.5341163361819988e-01 3.5949148053373958e-01 -8.6363539335009609e-01
2.1690139839016309e-01 -5.3910577135522109e-01 8.1382968160904767e-01
-1.4444931738439701e-01 -7.0569606960724074e-01 6.9363351421919783e-01
7.3096813870513289e-01 -3.3763786060579182e-01 5.9303141171737073e-01
-1.7619540271505879e-01 -7.4382266538063768e-01 -6.4473484668359760e-01
-4.6074252522457909e-01 8.5278929197769482e-01 -2.4589987583945649e-01
-6.4400421428984300e-01 6.9071383829445399e-01 3.2889658795047588e-01
-7.4762858160839196e-01 6.5030724737989365e-01 1.3472931369011640e-01
-4.6367299755225372e-01 -1.6813799224373491e-01 8.6990629777301498e-01
-2.8904501241146791e-01 -2.0679890515372340e-01 9.3471235876459646e-01
-1.7109082638019460e-01 -3.7641184918381310e-01 9.1051746217333163e-01
-2.8360712084978351e-01 -5.5377473339190886e-01 7.8287964953753686e-01
-1.8405368099893490e-01 3.6953437664369709e-01 9.1080655849049341e-01
2.2969855171005721e-01 4.9465433001258419e-01 -8.3818593948007947e-01
-5.0838008917462062e-02 6.2117760224783614e-01 -7.8201910674544073e-01
3.3478152607606398e-01 -8.7909645325024177e-01 -3.3927976019949557e-01
5.5746746707583861e-01 -3.5650854581691332e-01 -7.4975441306574431e-01
-4.7469281845888428e-01 -3.2617497137573870e-01 -8.1748187512115322e-01
-4.7018148434469809e-01 -1.3869577408542430e-01 -8.7160361061107439e-01
-2.9414937040372108e-01 -7.3631729212467717e-02 -9.5291894531711163e-01
9.5511442704844830e-03 4.8767049510742588e-01 -8.7297552305021842e-01
-5.2516293314752927e-01 3.5304958071532599e-01 -7.7431252553772900e-01
-4.8215690768601638e-01 1.9341416389516411e-01 -8.5446806703082401e-01
8.7009425353913594e-01 4.9286424413610957e-01 4.5636400290958662e-03
9.2012480489780579e-01 3.6498567526036468e-01 -1.4197112476313761e-01
6.0016145662345199e-01 7.6876762667939069e-01 2.2091301942926181e-01
5.5675933427885205e-01 7.3081164959511802e-01 3.9488400386623917e-01
6.8020765612459858e-02 -3.4932683969763739e-01 -9.3452872321419633e-01
-3.7292167601604598e-01 2.5323249490059801e-05 9.2786282548451970e-01
-1.9282526089948801e-01 -3.1909135226425751e-02 9.8071414074038210e-01
2.3697452958533610e-01 -4.3107434555768948e-01 -8.7064228069271843e-01
3.9439536421918658e-01 -5.7237415313241102e-01 7.1891593772037787e-01
5.5487098931986367e-01 -5.8574250446807086e-01 5.9078245037464328e-01
5.4853504937336162e-01 -7.1694477026638670e-01 4.3023190955186241e-01
6.9413153751790369e-01 -5.7744838353590888e-01 4.2980783261220001e-01
6.7515261742517119e-01 -6.8663878707460124e-01 2.6962217874029037e-01
8.0634152722721752e-01 -5.2799069259306242e-01 2.6653174295752557e-01
7.6789094133034130e-01 -6.3280344004445466e-01 9.9515368113204272e-02
6.2987054393252206e-01 -7.7039407665756399e-01 9.8772792494129638e-02
8.7903100002436096e-01 -4.6716497042788901e-01 9.5191340999492155e-02
8.2688231012821900e-01 -5.5867694544132973e-01 -6.4387233434628377e-02
-6.8317196713151473e-01 7.2953545786610674e-01 -3.2466583462792138e-02
-5.6990747986007273e-01 6.2845202293792979e-01 5.2938976120129544e-01
-4.8455763975951083e-01 -5.0692540500185856e-01 -7.1290288785667988e-01
3.9573761494962428e-01 -3.8780851075155692e-01 8.3246399267634541e-01
-3.3789582312361921e-01 2.0152052296070960e-01 -9.1935623756042140e-01
1.4395384351270621e-01 -9.5469407652137384e-01 -2.6045443208538488e-01
-9.5170696818579446e-03 -9.1641246820454092e-01 -4.0012199827544098e-01
8.0819985952363660e-01 -3.8818670113066939e-01 4.4285897544394692e-01
9.0321332989484959e-01 -3.4699780033051347e-01 2.5258307003052000e-01
3.0081958692453250e-02 -4.8032580080690462e-01 8.7657412740762053e-01
8.2557996942395173e-01 5.2854923049948854e-01 1.9761939435274389e-01
9.6073730796721746e-01 1.7711598271058940e-01 -2.1357376652661739e-01
4.9412638456479480e-01 -1.5282821829658330e-01 -8.5585200342653656e-01
6.6585690528579367e-01 -1.7874604953195780e-01 -7.2435104159512642e-01
3.3753205708052908e-01 1.8085877996386751e-01 -9.2377606169080173e-01
2.1891633017311571e-01 3.4022196972163932e-01 -9.1450787405153788e-01
4.0915107739217310e-01 2.8915266642561588e-01 -8.6543984849773381e-01
3.0392918752368980e-01 -1.8071496413301660e-01 9.3539785690880883e-01
9.9449980128106366e-02 -1.7871862394680110e-01 -9.7886125416581948e-01
3.4751893294624930e-01 1.7983320213238330e-01 9.2026659759806217e-01
2.0960044256178720e-01 3.3212099381351029e-01 9.1965390226227450e-01
1.8160620344396888e-02 4.0865261256422480e-01 9.1250930631590832e-01
-2.2994070526774521e-01 1.6393372218683580e-01 9.5929818450309878e-01
5.4979767957072412e-01 5.1372376267889819e-01 6.5864285253670107e-01
3.8297679126502121e-01 4.9143587294043239e-01 7.8218895424291413e-01
-3.7028990304140680e-01 -6.6218509109304913e-01 6.5145705371856688e-01
-2.7471412714967158e-01 -7.8786259073609810e-01 5.5118480246011647e-01
-4.6569767807657408e-01 -7.1788249929712900e-01 5.1746535133958005e-01
9.6307863684138195e-01 -1.7723289070836751e-01 -2.0265251469177800e-01
5.1168051496117872e-01 1.8164514202649451e-01 -8.3975478146137261e-01
3.9725802229246249e-01 -5.0190736720841045e-01 -7.6829360173452133e-01
-7.5884441051189522e-02 -9.7180385794514368e-01 -2.2324608236043789e-01
7.2281538853490312e-01 5.0246525681098853e-01 -4.7441182510030733e-01
8.3421733062395242e-01 4.5698915782017357e-01 -3.0861360132284449e-01
2.6416226006592741e-01 7.6866921215419748e-01 -5.8255123606692882e-01
6.9934957925043006e-01 -7.1119559103759022e-01 -7.1491239260059625e-02
5.2370599024531661e-01 -8.4918795433183036e-01 -6.7910632443627522e-02
5.3542867186017240e-01 8.3793137733324285e-01 -1.0576929720134449e-01
8.4801301107064984e-03 9.8842768526670299e-01 -1.5145559874634221e-01
-2.9685571711538589e-01 8.7497850493920626e-01 -3.8247784133235929e-01
-7.1910855006117147e-01 5.2088225399909116e-01 4.5996148827673139e-01
2.5323784084607182e-01 9.1252353874751002e-01 3.2120303111169612e-01
-9.3756505363343989e-01 -1.3509974865313340e-01 3.2049934183892659e-01
-9.8807050627346371e-01 -7.4047727688538512e-02 1.3503188014933731e-01
-9.8731746753606164e-01 1.2889447425933029e-01 9.2684587734901333e-02
-9.3843072807410277e-01 2.6810229025730370e-01 2.1787365734548489e-01
-9.5183099066717558e-01 3.0571806834047183e-01 2.3542045274653690e-02
-6.4187812066093219e-01 -1.3466433640593350e-01 7.5488939237290875e-01
-6.7148583282345076e-01 7.0136810823287363e-02 7.3769072387073920e-01
-2.3698615255232719e-01 9.6797923636385863e-01 8.2787447520056220e-02
-3.6034766383079270e-01 9.3017401126817190e-01 -7.0184541980189835e-02
-5.2957223486434690e-01 8.4633023293384424e-01 -5.7257181933151012e-02
-2.1315823994395469e-01 7.9441804858510678e-01 5.6873854170983207e-01
-7.4614173584274357e-01 -6.8405469725577386e-02 -6.6226369502276095e-01
-6.0711210360655665e-01 1.7813446861844520e-02 -7.9441649955506455e-01
-6.2049884034605984e-01 -1.9194179848276990e-01 -7.6035487446612360e-01
-4.7016920823529940e-01 -7.7718069718291005e-01 -4.1824762946569988e-01
-4.0034168767700701e-01 -6.9892514373821246e-01 -5.9264675529226063e-01
-6.7812000350181412e-01 -4.5748246295167783e-01 -5.7520696878807565e-01
-9.7628088216766507e-01 -1.0758389763110610e-01 -1.8788651916629190e-01
-1.7377629959450161e-01 -9.1061112548105616e-01 3.7495223142337242e-01
-5.1126389868364319e-01 -8.4447195823728471e-01 1.5961308735090349e-01
-8.7294412091728046e-01 -4.8009765716702651e-01 -8.6456933433292651e-02
-9.3273992107002013e-01 -3.5837103891021571e-01 3.9578253027457752e-02
-5.6737415984518014e-01 4.9987024968123722e-01 -6.5438237768417451e-01
-8.0544952899763422e-01 -5.2036232426362483e-01 2.8367958637245527e-01
-6.7119814856917048e-01 -6.9558194748626234e-01 2.5623973089381802e-01
3.6901815976831631e-01 -9.2913953385601966e-01 2.2919956086868368e-02
-9.3530341218616853e-01 3.0221925456822502e-01 -1.8404089035085769e-01
-3.7724104421855209e-01 2.7738112203159931e-01 8.8359997040368188e-01
-1.2394695783491121e-01 -2.3541987044180701e-01 -9.6395779795830971e-01
1.3645409228937890e-02 -8.1552119314581983e-01 -5.7856631973957273e-01
4.9626981481961041e-01 -7.8359278373807406e-01 -3.7376278596527690e-01
8.1241023236439447e-01 -1.8899195616974879e-01 5.5160824400362463e-01
6.9691004656847566e-01 6.3496477704588972e-01 3.3337084291069702e-01
-5.4443155580330793e-01 -1.9880109078002580e-02 8.3856965262799510e-01
-6.5999243778956596e-01 -7.4851100773482682e-01 6.4352570736373030e-02
-5.2028995679593248e-01 -7.8022778354817679e-01 3.4719298183688307e-01
1.9686036086302641e-01 -3.5766734227095037e-01 9.1286366484470938e-01
7.8924381959070244e-01 -5.0999904013368347e-01 -3.4204557050282097e-01
3.8962324122952408e-01 -8.3352710587887557e-01 3.9169668579014771e-01
-1.7109734052384451e-01 3.6613580730883177e-01 -9.1469681899084876e-01
9.2449099092338405e-01 -3.7222327741140848e-01 -8.2257154428104828e-02
9.6623577543525296e-01 -1.7348340129585160e-01 1.9050442447318061e-01
5.2330197435246617e-01 1.8644760317707909e-01 8.3150005105732450e-01
3.7975464783296831e-01 3.4530304902736170e-01 8.5822620082450629e-01
-8.1109552839915933e-01 5.8377277208568257e-01 -3.6515673104659439e-02
-8.7246092306434564e-01 4.7016782430516679e-01 1.3324471739568439e-01
-6.3686578739720168e-02 -2.0934372368025389e-01 9.7576596837772267e-01
-7.8053351218406797e-01 5.5622475788545278e-01 2.8527435053448630e-01
9.7561051481578814e-02 7.2096612821904493e-01 -6.8606827881388632e-01
6.4713424048694412e-01 7.6109475370025925e-01 4.4182017601368251e-02
3.8704374049403478e-01 8.0651535957374798e-01 4.4691175607273342e-01
-4.0168506151671729e-01 7.1928899013350078e-01 5.6680901547791174e-01
-6.7754842785708358e-01 3.2929759261328018e-01 -6.5764064914472287e-01
-1.3514849515141830e-01 2.1077751879108539e-01 -9.6814653944048201e-01
-9.9915888994413682e-01 3.1155953203441411e-03 -4.0887720789988008e-02
-2.9071034525863648e-01 -8.2566344016619153e-01 -4.8349496246862200e-01
8.2738156106808236e-01 3.3638235545880713e-01 -4.4976289680289078e-01
2.6890266154183029e-01 6.2928328346630347e-01 7.2917344148397767e-01
5.2774382019821597e-01 -8.0961889795085951e-01 2.5691185321706861e-01
-6.1934298730955539e-01 2.1136069438105409e-01 -7.5613551757686570e-01
4.1428930455875029e-01 -3.4146134627663782e-01 -8.4366374885209627e-01
5.0000164346579457e-01 6.5664232917716336e-01 5.6464077789714617e-01
3.4418735521507460e-01 -9.2586698283176305e-01 -1.5590187494722391e-01
-8.5541346765898485e-01 -5.0926579201058486e-01 9.4425380250558771e-02
-1.8110595356811410e-01 9.7830687547368012e-01 -1.0057977422478910e-01
-7.3099829369863734e-01 6.5576214881919026e-01 -1.8872598863357121e-01
-1.0413641013621069e-01 -8.3612217171241154e-01 5.3856784350243514e-01
-9.8307010534375816e-01 -1.8320188401165410e-01 -3.1996365406998530e-03
9.3365932434047094e-01 3.4476155846423168e-01 9.7055313493952730e-02
-4.1598664190217842e-02 2.4515591851375890e-01 9.6859079427551076e-01
-3.6350949829157653e-01 -8.3642019722054251e-01 4.1019763326152309e-01
-1.3092686422844860e-01 -8.5837277006505497e-01 -4.9603865155262827e-01
-3.0834000855820631e-01 -6.1118392474741101e-01 -7.2895860599397300e-01
7.9453817189764220e-01 4.9213868316469739e-01 3.5568048854339812e-01
6.0651505448327736e-01 -7.6243731536393533e-01 -2.2545249793644370e-01
-9.5313712945394846e-01 -2.4414415765124001e-01 1.7867076633029130e-01
-9.8318184073843840e-01 1.7068134448953121e-01 -6.4971891502571710e-02
7.4978836018172201e-01 -6.2453320047175942e-01 -2.1857652308632169e-01
-4.6100065762840892e-01 3.2631309843615848e-02 -8.8679963423766950e-01
-1.0783887457514160e-01 -5.5922477921094693e-01 8.2197227656827609e-01
9.4550528618042518e-01 -3.1160885020583001e-01 9.4444048400484343e-02
1.0419243281436220e-01 6.0295689032024269e-01 -7.9094053212587823e-01
-4.9729298529897642e-01 7.5118963068947731e-01 4.3406661414699788e-01
7.2134490300548282e-01 6.7054381122666362e-01 1.7329895595078190e-01
2.3002347786336111e-01 4.9767630199406288e-01 8.3630586394282691e-01
-6.0412099426410693e-01 -3.5528555401776868e-01 -7.1330918919892949e-01
-1.9524455068483579e-01 -9.1398330447285847e-01 -3.5568818447166722e-01
-5.2785752917709883e-01 -5.8650206661833160e-01 6.1431405221065416e-01
4.6795633515669222e-01 -8.5244239421675472e-01 -2.3314980791054610e-01
-2.9546272707465421e-01 9.2864506928612167e-01 -2.2432144837304921e-01
4.9040767020247461e-01 -8.6510775986631805e-01 1.0530375504065310e-01
4.3329369842914127e-02 -9.9324758487473241e-01 -1.0761877554370870e-01
-8.9555071603726433e-01 4.4159438256979000e-01 -5.4619742657294558e-02
9.0157884122323084e-01 3.0794335238376608e-01 -3.0385273535254542e-01
-7.6501787402592880e-01 -6.2947224847401495e-01 1.3606006328793299e-01
-3.2769484540578482e-03 3.1831025832673537e-01 -9.4798092863348071e-01
3.2686739319541837e-02 -3.2157534777573832e-01 9.4631964619549636e-01
4.1176202733708511e-01 6.1189950091988443e-01 6.7530069866486142e-01
-6.0718192082315803e-01 7.7590812387467756e-01 -1.7116278313575670e-01
3.6339128928337833e-01 4.1975253454927342e-01 -8.3171784916065439e-01
-8.9792465689171908e-01 -3.9731754479670861e-01 1.8939397863344001e-01
6.8093675271522369e-01 -4.7204749560228848e-01 5.5990740368140668e-01
8.5070519699185410e-01 -4.8304654410071263e-01 -2.0728411430548430e-01
