# 金属球双站 RCS 对比
# 条件：PEC 球 a=1.0 m, lambda=2.094395 m, k=3.0000 rad/m, ka=3.0000
# 入射：+z 方向，x 极化，观察面 phi=0 (xz-plane)
# theta[deg]  RCS_QBX[dBsm]  RCS_Extraction[dBsm]  RCS_Mie[dBsm]
    0.0000        15.257683        15.219006        15.304396
    1.0000        15.253393        15.214762        15.300033
    2.0000        15.240438        15.201865        15.286958
    3.0000        15.218849        15.180354        15.265216
    4.0000        15.188722        15.150317        15.234881
    5.0000        15.150131        15.111856        15.196058
    6.0000        15.103225        15.065084        15.148885
    7.0000        15.048191        15.010178        15.093533
    8.0000        14.985216        14.947368        15.030208
    9.0000        14.914540        14.876879        14.959156
   10.0000        14.836445        14.798966        14.880659
   11.0000        14.751263        14.713972        14.795045
   12.0000        14.659371        14.622269        14.702684
   13.0000        14.561131        14.524263        14.603993
   14.0000        14.457059        14.420403        14.499442
   15.0000        14.347637        14.311227        14.389546
   16.0000        14.233433        14.197248        14.274879
   17.0000        14.115067        14.079126        14.156063
   18.0000        13.993216        13.957512        14.033774
   19.0000        13.868578        13.833118        13.908741
   20.0000        13.741926        13.706704        13.781736
   21.0000        13.614058        13.579087        13.653576
   22.0000        13.485822        13.451092        13.525110
   23.0000        13.358086        13.323605        13.397213
   24.0000        13.231720        13.197483        13.270770
   25.0000        13.107585        13.073597        13.146665
   26.0000        12.986580        12.952837        13.025761
   27.0000        12.869477        12.835997        12.908879
   28.0000        12.757068        12.723843        12.796786
   29.0000        12.650034        12.617075        12.690164
   30.0000        12.548964        12.516288        12.589598
   31.0000        12.454315        12.421944        12.495553
   32.0000        12.366455        12.334408        12.408361
   33.0000        12.285568        12.253872        12.328207
   34.0000        12.211704        12.180394        12.255120
   35.0000        12.144752        12.113880        12.188976
   36.0000        12.084464        12.054060        12.129493
   37.0000        12.030428        12.000551        12.076246
   38.0000        11.982100        11.952806        12.028670
   39.0000        11.938830        11.910173        11.986086
   40.0000        11.899844        11.871892        11.947710
   41.0000        11.864296        11.837118        11.912676
   42.0000        11.831278        11.804954        11.880058
   43.0000        11.799842        11.774445        11.848885
   44.0000        11.769011        11.744594        11.818163
   45.0000        11.737775        11.714437        11.786891
   46.0000        11.705159        11.682973        11.754071
   47.0000        11.670197        11.649238        11.718723
   48.0000        11.631932        11.612273        11.679894
   49.0000        11.589445        11.571178        11.636662
   50.0000        11.541873        11.525080        11.588141
   51.0000        11.488353        11.473111        11.533485
   52.0000        11.428078        11.414488        11.471885
   53.0000        11.360302        11.348433        11.402573
   54.0000        11.284285        11.274234        11.324813
   55.0000        11.199324        11.191183        11.237904
   56.0000        11.104753        11.098610        11.141173
   57.0000        10.999922        10.995886        11.033971
   58.0000        10.884214        10.882382        10.915670
   59.0000        10.757027        10.757495        10.785655
   60.0000        10.617754        10.620646        10.643324
   61.0000        10.465803        10.471231        10.488075
   62.0000        10.300604        10.308703        10.319309
   63.0000        10.121537        10.132425        10.136419
   64.0000         9.927999         9.941848         9.938788
   65.0000         9.719396         9.736345         9.725783
   66.0000         9.495080         9.515275         9.496751
   67.0000         9.254378         9.278022         9.251013
   68.0000         8.996617         9.023889         8.987866
   69.0000         8.721085         8.752183         8.706573
   70.0000         8.427045         8.462182         8.406369
   71.0000         8.113717         8.153142         8.086459
   72.0000         7.780309         7.824267         7.746027
   73.0000         7.426028         7.474783         7.384242
   74.0000         7.050073         7.103908         7.000282
   75.0000         6.651665         6.710869         6.593364
   76.0000         6.230115         6.295004         6.162789
   77.0000         5.784873         5.855715         5.708023
   78.0000         5.315632         5.392704         5.228802
   79.0000         4.822469         4.905970         4.725301
   80.0000         4.306067         4.396106         4.198378
   81.0000         3.768012         3.864548         3.649918
   82.0000         3.211250         3.313959         3.083324
   83.0000         2.640671         2.748823         2.504175
   84.0000         2.063831         2.176132         1.921056
   85.0000         1.491897         1.606220         1.346512
   86.0000         0.940450         1.053654         0.797882
   87.0000         0.429983         0.537710         0.297596
   88.0000        -0.014636         0.082177        -0.127808
   89.0000        -0.366438        -0.286628        -0.450658
   90.0000        -0.600679        -0.543613        -0.647231
   91.0000        -0.700449        -0.670270        -0.703625
   92.0000        -0.661294        -0.659590        -0.619821
   93.0000        -0.492600        -0.518116        -0.409687
   94.0000        -0.214797        -0.263971        -0.096896
   95.0000         0.145990         0.077915         0.290945
   96.0000         0.563250         0.481265         0.727368
   97.0000         1.013658         0.922238         1.190020
   98.0000         1.478593         1.381467         1.661635
   99.0000         1.944247         1.844295         2.129741
  100.0000         2.400985         2.300325         2.585821
  101.0000         2.842393         2.742548         3.024359
  102.0000         3.264431         3.166459         3.442013
  103.0000         3.664780         3.569386         3.836954
  104.0000         4.042260         3.949940         4.208378
  105.0000         4.396523         4.307535         4.556156
  106.0000         4.727671         4.642191         4.880598
  107.0000         5.036175         4.954274         5.182278
  108.0000         5.322676         5.244369         5.461929
  109.0000         5.587935         5.513199         5.720364
  110.0000         5.832762         5.761543         5.958427
  111.0000         6.057971         5.990210         6.176965
  112.0000         6.264381         6.199998         6.376802
  113.0000         6.452773         6.391692         6.558731
  114.0000         6.623899         6.566019         6.723509
  115.0000         6.778476         6.723723         6.871847
  116.0000         6.917183         6.865467         7.004416
  117.0000         7.040646         6.991873         7.121846
  118.0000         7.149448         7.103560         7.224725
  119.0000         7.244163         7.201059         7.313604
  120.0000         7.325299         7.284911         7.389000
  121.0000         7.393348         7.355608         7.451395
  122.0000         7.448779         7.413602         7.501244
  123.0000         7.492002         7.459330         7.538974
  124.0000         7.523433         7.493193         7.564986
  125.0000         7.543464         7.515585         7.579663
  126.0000         7.552457         7.526871         7.583367
  127.0000         7.550741         7.527396         7.576444
  128.0000         7.538680         7.517500         7.559225
  129.0000         7.516574         7.497499         7.532031
  130.0000         7.484749         7.467702         7.495172
  131.0000         7.443492         7.428407         7.448953
  132.0000         7.393105         7.379930         7.393672
  133.0000         7.333894         7.322528         7.329625
  134.0000         7.266142         7.256522         7.257109
  135.0000         7.190147         7.182188         7.176420
  136.0000         7.106204         7.099813         7.087859
  137.0000         7.014611         7.009699         6.991735
  138.0000         6.915679         6.912148         6.888363
  139.0000         6.809726         6.807466         6.778070
  140.0000         6.697079         6.695972         6.661193
  141.0000         6.578078         6.578000         6.538087
  142.0000         6.453101         6.453910         6.409122
  143.0000         6.322494         6.324055         6.274687
  144.0000         6.186665         6.188806         6.135193
  145.0000         6.046025         6.048582         5.991072
  146.0000         5.901007         5.903795         5.842779
  147.0000         5.752074         5.754896         5.690796
  148.0000         5.599712         5.602340         5.535628
  149.0000         5.444429         5.446642         5.377807
  150.0000         5.286749         5.288289         5.217891
  151.0000         5.127232         5.127856         5.056461
  152.0000         4.966457         4.965884         4.894120
  153.0000         4.805019         4.802965         4.731492
  154.0000         4.643538         4.639710         4.569217
  155.0000         4.482645         4.476723         4.407947
  156.0000         4.322958         4.314655         4.248341
  157.0000         4.165148         4.154146         4.091056
  158.0000         4.009858         3.995830         3.936747
  159.0000         3.857701         3.840350         3.786050
  160.0000         3.709308         3.688342         3.639582
  161.0000         3.565277         3.540416         3.497931
  162.0000         3.426177         3.397175         3.361644
  163.0000         3.292540         3.259162         3.231225
  164.0000         3.164850         3.126902         3.107127
  165.0000         3.043551         3.000884         2.989746
  166.0000         2.929033         2.881544         2.879417
  167.0000         2.821649         2.769264         2.776415
  168.0000         2.721659         2.664378         2.680953
  169.0000         2.629316         2.567165         2.593182
  170.0000         2.544785         2.477862         2.513201
  171.0000         2.468166         2.396650         2.441056
  172.0000         2.399596         2.323666         2.376752
  173.0000         2.339100         2.259022         2.320260
  174.0000         2.286687         2.202775         2.271524
  175.0000         2.242385         2.154991         2.230473
  176.0000         2.206160         2.115656         2.197027
  177.0000         2.177996         2.084823         2.171110
  178.0000         2.157891         2.062506         2.152652
  179.0000         2.145808         2.048687         2.141600
  180.0000         2.141750         2.043392         2.137920
