# 金属球双站 RCS（CFIE MoM）
# 波长 (m):   2.0944
# 波数 k (rad/m):   3.0000
# RWG 基函数数: 1074
# 入射方向: +z, 极化: x, 观察面: φ=0 (xz-plane)
# theta(deg)  RCS_theta(dBsm)  RCS_phi(dBsm)  RCS_total(dBsm)
    0.00       15.219006      -59.183384       15.219006
    1.00       15.214762      -59.019020       15.214762
    2.00       15.201865      -58.870205       15.201865
    3.00       15.180354      -58.734100       15.180354
    4.00       15.150317      -58.611168       15.150317
    5.00       15.111856      -58.500019       15.111856
    6.00       15.065084      -58.401451       15.065084
    7.00       15.010178      -58.312744       15.010178
    8.00       14.947368      -58.234882       14.947368
    9.00       14.876879      -58.166920       14.876879
   10.00       14.798966      -58.107895       14.798966
   11.00       14.713972      -58.057343       14.713972
   12.00       14.622269      -58.016624       14.622269
   13.00       14.524263      -57.983204       14.524263
   14.00       14.420403      -57.957306       14.420403
   15.00       14.311227      -57.938339       14.311227
   16.00       14.197248      -57.927094       14.197248
   17.00       14.079126      -57.922611       14.079126
   18.00       13.957512      -57.924812       13.957512
   19.00       13.833118      -57.933178       13.833118
   20.00       13.706704      -57.948509       13.706704
   21.00       13.579087      -57.969440       13.579087
   22.00       13.451092      -57.996155       13.451092
   23.00       13.323605      -58.029335       13.323605
   24.00       13.197483      -58.069031       13.197483
   25.00       13.073597      -58.114086       13.073597
   26.00       12.952837      -58.166561       12.952837
   27.00       12.835997      -58.224380       12.835997
   28.00       12.723843      -58.288403       12.723843
   29.00       12.617075      -58.358643       12.617075
   30.00       12.516288      -58.436207       12.516288
   31.00       12.421944      -58.520771       12.421944
   32.00       12.334408      -58.610878       12.334409
   33.00       12.253872      -58.709404       12.253872
   34.00       12.180394      -58.814438       12.180394
   35.00       12.113880      -58.926617       12.113880
   36.00       12.054060      -59.046951       12.054060
   37.00       12.000551      -59.173988       12.000551
   38.00       11.952806      -59.308403       11.952806
   39.00       11.910173      -59.450455       11.910173
   40.00       11.871892      -59.599476       11.871892
   41.00       11.837118      -59.754135       11.837118
   42.00       11.804954      -59.915653       11.804954
   43.00       11.774445      -60.081676       11.774445
   44.00       11.744594      -60.252689       11.744594
   45.00       11.714437      -60.424934       11.714437
   46.00       11.682973      -60.601433       11.682973
   47.00       11.649238      -60.775372       11.649238
   48.00       11.612273      -60.947426       11.612273
   49.00       11.571178      -61.112122       11.571178
   50.00       11.525080      -61.268085       11.525080
   51.00       11.473111      -61.411167       11.473111
   52.00       11.414488      -61.536270       11.414488
   53.00       11.348433      -61.641422       11.348433
   54.00       11.274234      -61.719696       11.274234
   55.00       11.191183      -61.769276       11.191183
   56.00       11.098610      -61.784851       11.098610
   57.00       10.995886      -61.763695       10.995886
   58.00       10.882382      -61.703068       10.882382
   59.00       10.757495      -61.605171       10.757495
   60.00       10.620646      -61.469200       10.620646
   61.00       10.471231      -61.294727       10.471231
   62.00       10.308703      -61.087917       10.308703
   63.00       10.132425      -60.848427       10.132425
   64.00        9.941848      -60.584961        9.941848
   65.00        9.736345      -60.297424        9.736346
   66.00        9.515275      -59.991898        9.515275
   67.00        9.278022      -59.672920        9.278023
   68.00        9.023889      -59.343342        9.023890
   69.00        8.752183      -59.006737        8.752183
   70.00        8.462182      -58.666225        8.462183
   71.00        8.153142      -58.324276        8.153143
   72.00        7.824267      -57.983673        7.824268
   73.00        7.474783      -57.644470        7.474785
   74.00        7.103908      -57.308586        7.103910
   75.00        6.710869      -56.977791        6.710871
   76.00        6.295004      -56.651924        6.295007
   77.00        5.855715      -56.332508        5.855717
   78.00        5.392704      -56.019634        5.392708
   79.00        4.905970      -55.714298        4.905973
   80.00        4.396106      -55.415665        4.396111
   81.00        3.864548      -55.125164        3.864553
   82.00        3.313959      -54.841820        3.313966
   83.00        2.748823      -54.566273        2.748830
   84.00        2.176132      -54.298409        2.176142
   85.00        1.606220      -54.037880        1.606231
   86.00        1.053654      -53.785240        1.053668
   87.00        0.537710      -53.540535        0.537727
   88.00        0.082177      -53.303268        0.082197
   89.00       -0.286628      -53.073936       -0.286605
   90.00       -0.543613      -52.851826       -0.543588
   91.00       -0.670270      -52.637505       -0.670243
   92.00       -0.659590      -52.431000       -0.659561
   93.00       -0.518116      -52.232212       -0.518087
   94.00       -0.263971      -52.040691       -0.263942
   95.00        0.077915      -51.856987        0.077943
   96.00        0.481265      -51.681572        0.481291
   97.00        0.922238      -51.513512        0.922263
   98.00        1.381467      -51.353577        1.381490
   99.00        1.844295      -51.201786        1.844316
  100.00        2.300325      -51.057831        2.300346
  101.00        2.742548      -50.921761        2.742567
  102.00        3.166459      -50.794220        3.166476
  103.00        3.569386      -50.675430        3.569403
  104.00        3.949940      -50.564442        3.949955
  105.00        4.307535      -50.462612        4.307550
  106.00        4.642191      -50.369259        4.642205
  107.00        4.954274      -50.285553        4.954287
  108.00        5.244369      -50.210361        5.244381
  109.00        5.513199      -50.144726        5.513211
  110.00        5.761543      -50.089096        5.761555
  111.00        5.990210      -50.043053        5.990220
  112.00        6.199998      -50.006783        6.200008
  113.00        6.391692      -49.981773        6.391702
  114.00        6.566019      -49.967262        6.566029
  115.00        6.723723      -49.962849        6.723732
  116.00        6.865467      -49.970726        6.865476
  117.00        6.991873      -49.989685        6.991882
  118.00        7.103560      -50.020584        7.103569
  119.00        7.201059      -50.064560        7.201068
  120.00        7.284911      -50.121063        7.284918
  121.00        7.355608      -50.191399        7.355616
  122.00        7.413602      -50.275551        7.413610
  123.00        7.459330      -50.374619        7.459336
  124.00        7.493193      -50.488201        7.493200
  125.00        7.515585      -50.618633        7.515592
  126.00        7.526871      -50.764885        7.526877
  127.00        7.527396      -50.929810        7.527403
  128.00        7.517500      -51.113441        7.517507
  129.00        7.497499      -51.316811        7.497504
  130.00        7.467702      -51.541348        7.467708
  131.00        7.428407      -51.787292        7.428412
  132.00        7.379930      -52.058010        7.379934
  133.00        7.322528      -52.354713        7.322533
  134.00        7.256522      -52.678509        7.256526
  135.00        7.182188      -53.032883        7.182192
  136.00        7.099813      -53.420681        7.099817
  137.00        7.009699      -53.842945        7.009703
  138.00        6.912148      -54.305916        6.912151
  139.00        6.807466      -54.813309        6.807469
  140.00        6.695972      -55.368439        6.695975
  141.00        6.578000      -55.978836        6.578002
  142.00        6.453910      -56.651718        6.453913
  143.00        6.324055      -57.394836        6.324058
  144.00        6.188806      -58.219658        6.188807
  145.00        6.048582      -59.135040        6.048583
  146.00        5.903795      -60.154118        5.903797
  147.00        5.754896      -61.287369        5.754897
  148.00        5.602340      -62.533646        5.602341
  149.00        5.446642      -63.865391        5.446643
  150.00        5.288289      -65.182976        5.288289
  151.00        5.127856      -66.252922        5.127857
  152.00        4.965884      -66.713104        4.965884
  153.00        4.802965      -66.337799        4.802966
  154.00        4.639710      -65.302574        4.639711
  155.00        4.476723      -63.973888        4.476724
  156.00        4.314655      -62.604439        4.314656
  157.00        4.154146      -61.313332        4.154148
  158.00        3.995830      -60.134487        3.995831
  159.00        3.840350      -59.070873        3.840353
  160.00        3.688342      -58.113232        3.688345
  161.00        3.540416      -57.249687        3.540420
  162.00        3.397175      -56.468792        3.397180
  163.00        3.259162      -55.761368        3.259168
  164.00        3.126902      -55.117371        3.126909
  165.00        3.000884      -54.530540        3.000892
  166.00        2.881544      -53.994411        2.881553
  167.00        2.769264      -53.504112        2.769274
  168.00        2.664378      -53.055519        2.664390
  169.00        2.567165      -52.644238        2.567179
  170.00        2.477862      -52.268044        2.477877
  171.00        2.396650      -51.923256        2.396666
  172.00        2.323666      -51.608715        2.323684
  173.00        2.259022      -51.321243        2.259041
  174.00        2.202775      -51.059822        2.202796
  175.00        2.154991      -50.823002        2.155013
  176.00        2.115656      -50.609051        2.115680
  177.00        2.084823      -50.416790        2.084847
  178.00        2.062506      -50.245251        2.062532
  179.00        2.048687      -50.093719        2.048714
  180.00        2.043392      -49.961544        2.043419
