286 311 2
206 207 136
203 285 91
58 205 202
282 292 277
122 344 247
277 293 282
202 234 58
122 247 124
232 245 230
136 219 206
201 319 40
40 290 201
199 326 19
238 285 203
198 326 199
157 293 243
207 359 136
242 328 276
206 219 176
204 327 238
27 289 223
230 245 4
1 327 204
223 289 178
91 291 203
156 303 261
181 256 217
276 324 242
282 293 157
19 227 199
231 353 195
126 293 277
236 237 37
262 350 284
35 326 226
179 313 273
126 328 293
226 326 198
284 334 262
113 274 116
218 273 138
273 330 179
58 318 205
261 303 262
188 231 195
21 298 244
276 328 126
221 320 135
129 344 122
69 229 17
138 274 218
181 305 256
223 224 27
234 286 2
190 320 221
243 345 157
136 359 178
130 274 113
237 327 37
329 344 313
191 229 69
186 241 177
244 298 74
313 344 129
219 294 176
116 274 138
28 36 18
217 340 181
7 29 17
40 319 239
13 28 18
232 357 33
29 57 17
177 337 186
156 305 303
308 319 201
17 229 6
7 31 26
180 267 266
73 319 308
225 354 185
143 246 191
321 352 281
7 17 6
283 320 252
62 309 268
36 38 18
101 256 156
241 242 177
62 268 60
197 336 270
29 74 57
57 69 17
249 314 248
39 40 36
270 336 193
38 300 18
241 243 242
49 250 75
57 102 69
40 239 36
235 236 37
102 143 69
143 191 69
102 148 143
102 150 148
148 149 143
148 158 149
158 159 149
159 162 149
158 173 159
159 163 162
158 190 173
163 164 162
190 221 173
163 165 164
221 222 173
222 287 173
163 179 165
165 166 164
166 202 164
165 170 166
170 171 166
145 152 146
194 286 171
14 22 13
145 146 139
170 192 171
204 238 203
132 141 140
152 153 146
145 172 152
152 157 153
12 27 11
92 95 88
184 204 203
192 193 171
170 218 192
175 196 96
116 138 118
119 134 117
174 175 96
98 105 100
63 68 67
193 194 171
114 145 139
111 112 110
92 96 95
175 197 196
77 189 92
9 19 10
297 311 220
95 97 88
153 155 154
109 111 110
16 37 1
115 144 112
154 263 146
10 21 9
96 280 95
167 206 176
175 220 197
92 174 96
175 297 220
1 23 16
11 25 12
7 26 8
111 113 112
185 304 184
153 154 146
8 29 7
15 30 14
12 28 13
84 285 187
160 184 183
125 126 123
94 216 182
99 180 97
111 130 113
128 276 125
72 237 71
160 185 184
84 187 72
95 98 97
176 225 168
127 128 125
68 83 72
16 233 15
94 182 181
124 127 125
68 72 71
98 99 97
124 125 123
120 129 122
83 84 72
122 124 123
160 183 154
4 58 3
68 71 67
58 234 3
160 186 185
122 123 121
2 24 3
109 269 111
113 115 112
120 122 121
94 181 87
110 151 108
98 100 99
120 121 119
61 93 87
107 137 109
118 120 119
113 116 115
93 94 87
167 176 168
155 160 154
118 119 117
116 118 117
67 73 66
116 117 115
61 87 62
63 67 66
141 169 167
61 62 60
85 86 84
83 85 84
168 177 142
109 110 108
56 61 60
63 66 59
167 168 142
77 92 88
82 201 200
60 63 59
184 203 183
5 20 6
141 167 142
56 60 59
5 245 20
141 142 140
59 257 54
107 109 108
114 139 103
56 59 54
82 200 65
55 56 54
104 161 114
106 147 100
127 135 131
107 108 106
132 140 128
85 217 89
101 156 104
77 88 76
53 82 65
52 55 54
104 114 103
85 89 86
89 101 90
131 133 132
101 104 103
127 131 128
105 106 100
101 103 90
131 132 128
105 107 106
89 90 86
90 91 86
75 77 76
53 65 51
52 54 53
76 81 64
52 53 51
80 226 198
198 199 79
75 76 64
50 52 51
80 198 79
49 75 64
50 51 48
78 80 79
49 64 50
49 50 48
78 79 70
47 78 70
46 49 48
47 70 45
46 48 47
212 215 214
46 47 45
210 213 212
212 214 211
43 46 45
42 188 44
210 212 211
211 223 209
43 45 41
42 44 43
210 211 209
42 43 41
208 210 209
281 358 321
202 205 164
33 42 41
208 209 207
161 260 259
30 219 136
136 178 22
33 41 32
9 227 19
169 208 207
36 239 38
28 39 36
14 30 22
15 233 30
3 234 2
23 233 16
25 28 12
4 245 5
33 357 42
161 259 258
46 250 49
261 262 260
211 224 223
34 35 25
180 255 97
138 273 272
30 136 22
239 240 38
79 249 70
70 248 45
199 249 79
20 33 32
265 266 93
138 272 118
176 294 225
20 245 33
171 286 166
54 257 53
92 189 174
184 304 204
146 263 139
196 280 96
174 297 175
169 206 167
111 269 130
155 186 160
137 269 109
187 237 72
125 276 126
183 263 154
95 280 98
86 285 84
66 257 59
140 276 128
173 287 159
164 205 162
224 299 27
126 277 123
29 244 74
193 271 270
178 289 22
281 282 157
161 261 260
70 249 248
21 244 9
8 244 29
161 258 114
213 252 251
191 318 228
214 224 211
52 254 55
194 336 220
149 246 143
93 267 94
11 34 25
19 34 10
118 272 120
65 253 51
74 295 57
189 195 174
169 207 206
137 270 269
123 277 121
144 275 112
106 284 147
218 330 273
61 265 93
8 227 9
94 267 216
104 261 161
266 267 93
187 327 237
12 289 27
22 289 13
9 244 8
50 254 52
278 279 144
238 327 187
51 253 48
134 278 117
192 271 193
156 261 104
213 251 212
13 18 14
212 251 215
10 34 11
131 283 133
135 283 131
121 292 119
117 278 115
221 247 222
169 296 208
119 292 134
48 253 47
56 265 61
108 284 106
112 275 110
10 299 21
27 299 11
26 227 8
64 254 50
115 278 144
35 39 25
47 253 78
114 258 145
13 289 12
120 272 129
81 254 64
30 233 219
45 248 41
77 306 189
55 265 56
151 284 108
141 296 169
133 296 132
110 275 151
263 264 139
201 290 200
250 306 75
57 295 102
139 264 103
6 31 7
76 255 81
97 255 88
43 250 46
268 309 83
282 352 292
284 350 147
90 264 91
145 258 172
53 257 82
98 280 105
91 285 86
166 286 202
159 287 163
152 281 157
1 304 23
264 291 91
38 301 300
25 39 28
215 298 214
107 310 137
18 300 14
158 288 190
150 288 148
75 306 77
277 292 121
4 228 58
132 296 141
246 318 191
41 248 32
185 354 304
68 268 83
60 268 63
89 256 101
102 295 150
21 338 298
11 299 10
23 294 233
163 287 179
270 271 269
20 32 31
187 285 238
270 317 197
88 255 76
16 235 37
6 229 5
44 250 43
195 339 188
135 349 221
33 245 232
103 264 90
81 322 254
24 353 231
67 315 73
195 297 174
228 229 191
256 305 156
240 342 301
172 281 152
85 309 217
242 324 177
210 316 213
228 318 58
162 246 149
177 324 142
105 310 107
216 302 182
302 303 182
300 301 235
14 300 15
236 342 237
303 305 182
3 230 4
252 348 283
65 307 253
148 288 158
253 307 78
20 31 6
168 337 177
237 342 71
181 340 87
170 330 218
179 330 165
100 323 99
133 316 296
204 304 1
37 327 1
275 312 151
124 349 127
178 359 223
223 359 209
157 345 153
254 322 55
31 314 26
240 301 38
182 305 181
82 308 201
248 314 32
185 337 225
269 271 130
63 268 68
312 334 151
217 256 89
273 313 272
144 325 275
332 335 251
296 316 208
266 347 180
78 307 80
247 349 124
186 337 185
252 332 251
280 310 105
241 345 243
66 308 257
290 331 226
281 352 282
320 346 252
200 307 65
257 308 82
5 228 4
205 246 162
140 324 276
233 294 219
73 308 66
196 310 280
260 312 259
71 315 67
34 326 35
292 352 134
203 291 183
263 291 264
249 351 314
213 348 252
83 309 85
44 306 250
147 323 100
243 328 242
218 343 192
298 338 214
226 331 35
208 316 210
15 235 16
309 340 217
278 321 279
235 301 236
265 322 266
274 343 218
155 241 186
294 354 225
279 325 144
142 324 140
323 356 99
179 329 313
272 313 129
226 341 290
221 349 247
134 321 278
279 333 325
197 317 196
275 325 312
81 347 322
316 348 213
193 336 194
260 334 312
135 320 283
220 336 197
202 286 234
189 339 195
293 328 243
19 326 34
35 331 39
222 344 329
151 334 284
307 341 80
222 329 287
325 333 259
62 340 309
150 335 332
55 322 265
227 351 199
301 342 236
180 347 255
188 339 44
39 331 40
137 317 270
200 341 307
99 356 180
231 232 230
40 331 290
180 356 267
259 333 258
262 334 260
302 350 303
32 314 31
225 337 168
87 340 62
165 330 170
299 338 21
303 350 262
322 347 266
302 323 147
80 341 226
239 355 240
216 323 302
26 351 227
150 332 288
130 343 274
251 335 215
155 345 241
258 333 172
216 356 323
310 317 137
306 339 189
2 311 24
15 300 235
297 353 311
127 349 135
153 345 155
205 318 246
315 342 240
195 353 297
315 355 73
5 229 228
209 359 207
288 346 190
214 338 224
42 357 188
24 230 3
314 351 26
172 358 281
133 348 316
224 338 299
247 344 222
295 335 150
287 329 179
199 351 249
312 325 259
183 291 263
196 317 310
215 360 298
298 360 74
255 347 81
283 348 133
192 343 271
290 341 200
267 356 216
74 360 295
71 342 315
271 343 130
44 339 306
24 231 230
23 354 294
147 350 302
231 357 232
190 346 320
333 358 172
240 355 315
319 355 239
279 358 333
252 346 332
335 360 215
73 355 319
295 360 335
134 352 321
321 358 279
332 346 288
188 357 231
311 353 24
304 354 23
220 311 194
194 311 286
