  0.0000000E+00  -2.605391      -46.66155      -2.605220    
   1.000000      -2.606070      -46.64577      -2.605899    
   2.000000      -2.607320      -46.62958      -2.607147    
   3.000000      -2.609024      -46.61337      -2.608851    
   4.000000      -2.610980      -46.59649      -2.610807    
   5.000000      -2.612968      -46.57965      -2.612794    
   6.000000      -2.614619      -46.56274      -2.614444    
   7.000000      -2.615565      -46.54568      -2.615389    
   8.000000      -2.615339      -46.52882      -2.615162    
   9.000000      -2.613457      -46.51231      -2.613280    
   10.00000      -2.609351      -46.49629      -2.609174    
   11.00000      -2.602446      -46.48067      -2.602269    
   12.00000      -2.592129      -46.46601      -2.591950    
   13.00000      -2.577771      -46.45255      -2.577593    
   14.00000      -2.558740      -46.44008      -2.558562    
   15.00000      -2.534425      -46.42889      -2.534249    
   16.00000      -2.504244      -46.41967      -2.504068    
   17.00000      -2.467636      -46.41198      -2.467461    
   18.00000      -2.424150      -46.40676      -2.423977    
   19.00000      -2.373340      -46.40350      -2.373168    
   20.00000      -2.314907      -46.40279      -2.314738    
   21.00000      -2.248625      -46.40484      -2.248458    
   22.00000      -2.174391      -46.40985      -2.174228    
   23.00000      -2.092201      -46.41797      -2.092041    
   24.00000      -2.002175      -46.42926      -2.002018    
   25.00000      -1.904552      -46.44421      -1.904399    
   26.00000      -1.799656      -46.46253      -1.799508    
   27.00000      -1.687937      -46.48475      -1.687793    
   28.00000      -1.569927      -46.51102      -1.569788    
   29.00000      -1.446229      -46.54124      -1.446095    
   30.00000      -1.317523      -46.57566      -1.317393    
   31.00000      -1.184531      -46.61440      -1.184406    
   32.00000      -1.048007      -46.65752      -1.047887    
   33.00000     -0.9087288      -46.70516     -0.9086145    
   34.00000     -0.7674953      -46.75736     -0.7673859    
   35.00000     -0.6250964      -46.81412     -0.6249921    
   36.00000     -0.4823109      -46.87582     -0.4822114    
   37.00000     -0.3398995      -46.94197     -0.3398046    
   38.00000     -0.1986010      -47.01292     -0.1985105    
   39.00000     -5.9126873E-02  -47.08875     -5.9040803E-02
   40.00000      7.7840909E-02  -47.16927      7.7922784E-02
   41.00000      0.2116744      -47.25456      0.2117523    
   42.00000      0.3417549      -47.34449      0.3418291    
   43.00000      0.4675085      -47.43927      0.4675786    
   44.00000      0.5883726      -47.53845      0.5884396    
   45.00000      0.7038500      -47.64225      0.7039135    
   46.00000      0.8134485      -47.75036      0.8135090    
   47.00000      0.9167099      -47.86305      0.9167672    
   48.00000       1.013199      -47.97966       1.013254    
   49.00000       1.102502      -48.10042       1.102554    
   50.00000       1.184207      -48.22488       1.184256    
   51.00000       1.257934      -48.35327       1.257982    
   52.00000       1.323320      -48.48488       1.323365    
   53.00000       1.379989      -48.61958       1.380033    
   54.00000       1.427575      -48.75745       1.427617    
   55.00000       1.465740      -48.89772       1.465780    
   56.00000       1.494088      -49.04049       1.494127    
   57.00000       1.512287      -49.18530       1.512324    
   58.00000       1.519942      -49.33186       1.519977    
   59.00000       1.516697      -49.47935       1.516732    
   60.00000       1.502122      -49.62811       1.502156    
   61.00000       1.475838      -49.77737       1.475870    
   62.00000       1.437389      -49.92635       1.437420    
   63.00000       1.386328      -50.07542       1.386359    
   64.00000       1.322192      -50.22390       1.322222    
   65.00000       1.244433      -50.37077       1.244463    
   66.00000       1.152534      -50.51675       1.152564    
   66.99999       1.045905      -50.66014       1.045935    
   68.00000      0.9239029      -50.80182      0.9239322    
   68.99999      0.7858729      -50.94044      0.7859023    
   70.00000      0.6310865      -51.07640      0.6311156    
   71.00000      0.4587817      -51.20905      0.4588116    
   72.00000      0.2681053      -51.33805      0.2681355    
   72.99999      5.8200642E-02  -51.46340      5.8231294E-02
   73.99999     -0.1718982      -51.58565     -0.1718670    
   75.00000     -0.4231714      -51.70334     -0.4231392    
   76.00000     -0.6966661      -51.81684     -0.6966326    
   77.00000     -0.9934369      -51.92707     -0.9934017    
   78.00000      -1.314541      -52.03369      -1.314504    
   78.99999      -1.660949      -52.13634      -1.660910    
   80.00000      -2.033526      -52.23553      -2.033485    
   80.99999      -2.432860      -52.33198      -2.432816    
   82.00000      -2.859061      -52.42558      -2.859013    
   83.00000      -3.311475      -52.51711      -3.311423    
   84.00000      -3.788260      -52.60639      -3.788204    
   84.99999      -4.285718      -52.69449      -4.285655    
   86.00000      -4.797410      -52.78172      -4.797341    
   86.99999      -5.313030      -52.86869      -5.312953    
   87.99999      -5.816955      -52.95601      -5.816870    
   89.00000      -6.287119      -53.04465      -6.287027    
   90.00000      -6.694791      -53.13437      -6.694693    
   90.99999      -7.006280      -53.22687      -7.006176    
   91.99999      -7.188017      -53.32210      -7.187912    
   93.00000      -7.214530      -53.42129      -7.214425    
   94.00000      -7.076201      -53.52472      -7.076102    
   94.99999      -6.782679      -53.63312      -6.782589    
   96.00000      -6.359473      -53.74770      -6.359394    
   96.99999      -5.840210      -53.86894      -5.840142    
   97.99999      -5.258630      -53.99771      -5.258572    
   99.00000      -4.643617      -54.13448      -4.643569    
   100.0000      -4.017274      -54.28036      -4.017233    
   101.0000      -3.395298      -54.43621      -3.395264    
   102.0000      -2.788086      -54.60270      -2.788058    
   103.0000      -2.202125      -54.78111      -2.202101    
   104.0000      -1.641206      -54.97180      -1.641186    
   105.0000      -1.107206      -55.17627      -1.107189    
   106.0000     -0.6008216      -55.39535     -0.6008074    
   107.0000     -0.1220065      -55.63027     -0.1219942    
   108.0000      0.3298032      -55.88225      0.3298138    
   109.0000      0.7554016      -56.15240      0.7554102    
   110.0000       1.155793      -56.44228       1.155801    
   111.0000       1.531974      -56.75352       1.531980    
   112.0000       1.885016      -57.08774       1.885022    
   113.0000       2.215940      -57.44730       2.215945    
   114.0000       2.525770      -57.83383       2.525774    
   115.0000       2.815468      -58.25045       2.815471    
   116.0000       3.085961      -58.69916       3.085964    
   117.0000       3.338119      -59.18393       3.338121    
   118.0000       3.572797      -59.70864       3.572798    
   119.0000       3.790831      -60.27796       3.790833    
   120.0000       3.992995      -60.89711       3.992996    
   121.0000       4.180031      -61.57348       4.180033    
   122.0000       4.352710      -62.31496       4.352711    
   123.0000       4.511761      -63.13249       4.511761    
   124.0000       4.657896      -64.03911       4.657897    
   125.0000       4.791896      -65.05365       4.791897    
   126.0000       4.914485      -66.19901       4.914485    
   127.0000       5.026417      -67.51047       5.026417    
   128.0000       5.128481      -69.03178       5.128482    
   129.0000       5.221475      -70.83508       5.221475    
   130.0000       5.306238      -73.01373       5.306238    
   131.0000       5.383632      -75.68086       5.383632    
   132.0000       5.454545      -78.72215       5.454545    
   133.0000       5.519914      -80.63500       5.519914    
   134.0000       5.580688      -79.16066       5.580688    
   135.0000       5.637880      -76.33633       5.637880    
   136.0000       5.692472      -73.84835       5.692472    
   137.0000       5.745492      -71.84923       5.745492    
   138.0000       5.797973      -70.23994       5.797973    
   139.0000       5.850934      -68.92020       5.850935    
   140.0000       5.905351      -67.82031       5.905351    
   141.0000       5.962183      -66.89424       5.962183    
   142.0000       6.022322      -66.10667       6.022323    
   143.0000       6.086575      -65.43349       6.086576    
   144.0000       6.155639      -64.85806       6.155639    
   145.0000       6.230117      -64.36742       6.230118    
   146.0000       6.310464      -63.94978       6.310465    
   147.0000       6.396978      -63.60047       6.396978    
   148.0000       6.489830      -63.31113       6.489830    
   149.0000       6.589037      -63.07825       6.589038    
   150.0000       6.694420      -62.89726       6.694421    
   151.0000       6.805706      -62.76705       6.805707    
   152.0000       6.922461      -62.68385       6.922462    
   153.0000       7.044144      -62.64788       7.044145    
   154.0000       7.170098      -62.65735       7.170098    
   155.0000       7.299581      -62.71231       7.299582    
   156.0000       7.431815      -62.81205       7.431816    
   157.0000       7.565949      -62.95721       7.565949    
   158.0000       7.701131      -63.14863       7.701132    
   159.0000       7.836500      -63.38846       7.836500    
   160.0000       7.971156      -63.67730       7.971157    
   161.0000       8.104316      -64.01820       8.104316    
   162.0000       8.235145      -64.41194       8.235146    
   163.0000       8.362877      -64.86265       8.362877    
   164.0000       8.486808      -65.37120       8.486808    
   165.0000       8.606252      -65.93977       8.606252    
   166.0000       8.720593      -66.56600       8.720593    
   167.0000       8.829251      -67.24496       8.829251    
   168.0000       8.931747      -67.96210       8.931747    
   169.0000       9.027566      -68.68689       9.027566    
   170.0000       9.116323      -69.36147       9.116323    
   171.0000       9.197626      -69.89969       9.197626    
   172.0000       9.271165      -70.19365       9.271165    
   173.0000       9.336642      -70.14749       9.336642    
   174.0000       9.393826      -69.73330       9.393826    
   175.0000       9.442502      -69.01844       9.442502    
   176.0000       9.482492      -68.10264       9.482492    
   177.0000       9.513691      -67.08891       9.513691    
   178.0000       9.535957      -66.05275       9.535957    
   179.0000       9.549223      -65.03086       9.549223    
   180.0000       9.553467      -64.05141       9.553467    
   181.0000       9.548656      -63.11217       9.548656    
   182.0000       9.534806      -62.22488       9.534807    
   183.0000       9.511997      -61.38516       9.511997    
   184.0000       9.480246      -60.58901       9.480247    
   185.0000       9.439711      -59.83363       9.439711    
   186.0000       9.390524      -59.11710       9.390525    
   187.0000       9.332844      -58.43250       9.332845    
   188.0000       9.266891      -57.78102       9.266892    
   189.0000       9.192919      -57.15750       9.192919    
   190.0000       9.111197      -56.55939       9.111198    
   191.0000       9.022081      -55.98678       9.022082    
   192.0000       8.925950      -55.43466       8.925951    
   193.0000       8.823193      -54.90549       8.823195    
   194.0000       8.714299      -54.39536       8.714302    
   195.0000       8.599805      -53.90363       8.599808    
   196.0000       8.480270      -53.42976       8.480273    
   197.0000       8.356315      -52.97409       8.356318    
   198.0000       8.228618      -52.53438       8.228621    
   199.0000       8.097895      -52.11063       8.097898    
   200.0000       7.964944      -51.70292       7.964949    
   201.0000       7.830541      -51.31082       7.830546    
   202.0000       7.695551      -50.93403       7.695557    
   203.0000       7.560804      -50.57245       7.560811    
   204.0000       7.427186      -50.22579       7.427194    
   205.0000       7.295544      -49.89397       7.295551    
   206.0000       7.166718      -49.57728       7.166727    
   207.0000       7.041483      -49.27502       7.041493    
   208.0000       6.920571      -48.98784       6.920583    
   209.0000       6.804644      -48.71527       6.804656    
   210.0000       6.694214      -48.45747       6.694227    
   211.0000       6.589696      -48.21449       6.589711    
   212.0000       6.491394      -47.98649       6.491409    
   213.0000       6.399428      -47.77332       6.399445    
   214.0000       6.313767      -47.57492       6.313786    
   215.0000       6.234272      -47.39153       6.234290    
   216.0000       6.160589      -47.22325       6.160610    
   217.0000       6.092267      -47.07005       6.092287    
   218.0000       6.028697      -46.93204       6.028720    
   219.0000       5.969184      -46.80931       5.969207    
   220.0000       5.912899      -46.70201       5.912923    
   221.0000       5.858967      -46.61016       5.858991    
   222.0000       5.806422      -46.53409       5.806448    
   223.0000       5.754292      -46.47375       5.754318    
   224.0000       5.701560      -46.42943       5.701586    
   225.0000       5.647194      -46.40140       5.647221    
   226.0000       5.590209      -46.38979       5.590236    
   227.0000       5.529565      -46.39479       5.529593    
   228.0000       5.464301      -46.41685       5.464330    
   229.0000       5.393467      -46.45601       5.393496    
   230.0000       5.316123      -46.51303       5.316152    
   231.0000       5.231447      -46.58813       5.231476    
   232.0000       5.138495      -46.68167       5.138524    
   233.0000       5.036525      -46.79440       5.036554    
   234.0000       4.924695      -46.92684       4.924723    
   235.0000       4.802258      -47.07955       4.802286    
   236.0000       4.668452      -47.25352       4.668480    
   237.0000       4.522556      -47.44946       4.522584    
   238.0000       4.363819      -47.66827       4.363846    
   239.0000       4.191563      -47.91151       4.191589    
   240.0000       4.005037      -48.18016       4.005063    
   241.0000       3.803511      -48.47607       3.803537    
   242.0000       3.586241      -48.80087       3.586266    
   243.0000       3.352461      -49.15615       3.352486    
   244.0000       3.101376      -49.54521       3.101399    
   245.0000       2.832169      -49.97076       2.832191    
   246.0000       2.543979      -50.43565       2.544001    
   247.0000       2.235920      -50.94463       2.235941    
   248.0000       1.907048      -51.50345       1.907068    
   249.0000       1.556384      -52.11694       1.556403    
   250.0000       1.182979      -52.79383       1.182997    
   251.0000      0.7858055      -53.54480      0.7858216    
   252.0000      0.3639098      -54.38123      0.3639245    
   253.0000     -8.3638169E-02  -55.32255     -8.3625242E-02
   254.0000     -0.5575537      -56.39125     -0.5575422    
   255.0000      -1.058263      -57.62240      -1.058253    
   256.0000      -1.585803      -59.06561      -1.585795    
   257.0000      -2.139337      -60.80236      -2.139331    
   258.0000      -2.716950      -62.96822      -2.716946    
   259.0000      -3.314878      -65.82038      -3.314876    
   260.0000      -3.926713      -69.89687      -3.926712    
   261.0000      -4.542403      -75.80260      -4.542402    
   262.0000      -5.146870      -74.90366      -5.146869    
   263.0000      -5.719050      -69.26035      -5.719048    
   264.0000      -6.231589      -65.49223      -6.231585    
   265.0000      -6.652514      -62.83443      -6.652503    
   266.0000      -6.949859      -60.81245      -6.949841    
   267.0000      -7.098803      -59.19258      -7.098775    
   268.0000      -7.088937      -57.84959      -7.088901    
   269.0000      -6.927783      -56.70967      -6.927737    
   270.0000      -6.638255      -55.72463      -6.638201    
   271.0000      -6.251627      -54.86218      -6.251568    
   272.0000      -5.800179      -54.09942      -5.800115    
   273.0000      -5.312103      -53.41935      -5.312036    
   274.0000      -4.809477      -52.80978      -4.809408    
   275.0000      -4.308166      -52.26038      -4.308096    
   276.0000      -3.818889      -51.76344      -3.818819    
   277.0000      -3.348546      -51.31271      -3.348477    
   278.0000      -2.901121      -50.90321      -2.901052    
   279.0000      -2.478817      -50.53038      -2.478750    
   280.0000      -2.082502      -50.19083      -2.082434    
   281.0000      -1.712249      -49.88158      -1.712183    
   282.0000      -1.367635      -49.59982      -1.367570    
   283.0000      -1.047893      -49.34343      -1.047829    
   284.0000     -0.7521563      -49.11030     -0.7520929    
   285.0000     -0.4794320      -48.89856     -0.4793695    
   286.0000     -0.2287170      -48.70680     -0.2286553    
   287.0000      9.8096742E-04  -48.53360      1.0420441E-03
   288.0000      0.2106318      -48.37780      0.2106920    
   289.0000      0.4011365      -48.23769      0.4011959    
   290.0000      0.5733647      -48.11275      0.5734237    
   291.0000      0.7281293      -48.00139      0.7281875    
   292.0000      0.8661863      -47.90341      0.8662439    
   293.0000      0.9882668      -47.81744      0.9883242    
   294.0000       1.094995      -47.74242       1.095052    
   295.0000       1.187015      -47.67795       1.187072    
   296.0000       1.264899      -47.62302       1.264955    
   297.0000       1.329206      -47.57687       1.329262    
   298.0000       1.380418      -47.53870       1.380474    
   299.0000       1.419026      -47.50803       1.419082    
   300.0000       1.445467      -47.48376       1.445523    
   301.0000       1.460212      -47.46557       1.460267    
   302.0000       1.463643      -47.45267       1.463699    
   303.0000       1.456163      -47.44433       1.456219    
   304.0000       1.438148      -47.43981       1.438204    
   305.0000       1.409996      -47.43875       1.410052    
   306.0000       1.372049      -47.44020       1.372107    
   307.0000       1.324683      -47.44375       1.324740    
   308.0000       1.268265      -47.44869       1.268323    
   309.0000       1.203152      -47.45458       1.203212    
   310.0000       1.129717      -47.46093       1.129777    
   311.0000       1.048351      -47.46717       1.048412    
   312.0000      0.9594337      -47.47320      0.9594960    
   313.0000      0.8633680      -47.47788      0.8634316    
   314.0000      0.7605913      -47.48162      0.7606565    
   315.0000      0.6515424      -47.48363      0.6516092    
   316.0000      0.5367053      -47.48407      0.5367739    
   317.0000      0.4165397      -47.48233      0.4166102    
   318.0000      0.2915962      -47.47802      0.2916688    
   319.0000      0.1624194      -47.47168      0.1624942    
   320.0000      2.9603541E-02  -47.46270      2.9680671E-02
   321.0000     -0.1062519      -47.45197     -0.1061718    
   322.0000     -0.2444856      -47.43845     -0.2444026    
   323.0000     -0.3844049      -47.42279     -0.3843189    
   324.0000     -0.5253076      -47.40505     -0.5252185    
   325.0000     -0.6664389      -47.38540     -0.6663465    
   326.0000     -0.8070652      -47.36387     -0.8069693    
   327.0000     -0.9463861      -47.34111     -0.9462866    
   328.0000      -1.083620      -47.31649      -1.083517    
   329.0000      -1.217995      -47.29105      -1.217888    
   330.0000      -1.348717      -47.26475      -1.348606    
   331.0000      -1.475076      -47.23774      -1.474961    
   332.0000      -1.596332      -47.21038      -1.596213    
   333.0000      -1.711849      -47.18272      -1.711726    
   334.0000      -1.821042      -47.15509      -1.820915    
   335.0000      -1.923411      -47.12759      -1.923280    
   336.0000      -2.018522      -47.10038      -2.018388    
   337.0000      -2.106090      -47.07416      -2.105952    
   338.0000      -2.185889      -47.04830      -2.185747    
   339.0000      -2.257850      -47.02325      -2.257704    
   340.0000      -2.321962      -46.99921      -2.321815    
   341.0000      -2.378402      -46.97603      -2.378251    
   342.0000      -2.427363      -46.95387      -2.427210    
   343.0000      -2.469228      -46.93274      -2.469073    
   344.0000      -2.504378      -46.91229      -2.504220    
   345.0000      -2.533318      -46.89308      -2.533159    
   346.0000      -2.556589      -46.87475      -2.556428    
   347.0000      -2.574774      -46.85725      -2.574612    
   348.0000      -2.588499      -46.84046      -2.588336    
   349.0000      -2.598386      -46.82444      -2.598222    
   350.0000      -2.605038      -46.80880      -2.604873    
   351.0000      -2.609069      -46.79387      -2.608903    
   352.0000      -2.611036      -46.77902      -2.610870    
   353.0000      -2.611477      -46.76476      -2.611310    
   354.0000      -2.610878      -46.75034      -2.610710    
   355.0000      -2.609678      -46.73601      -2.609510    
   356.0000      -2.608251      -46.72149      -2.608082    
   357.0000      -2.606904      -46.70690      -2.606735    
   358.0000      -2.605872      -46.69185      -2.605703    
   359.0000      -2.605344      -46.67692      -2.605174    
   360.0000      -2.605391      -46.66149      -2.605220    
